00001S 97037A 22182.54166667 .00000340 00000-0 33196-40 9998
24883 97.9827 275.7718 0121450 130.5814 264.0374 14.95163415974056

000025 97037A 22182.54166667 .00000340 00000-0 33196-4 0 9998
24883 97.9827 286.7618 0121450 130.5814 260.0374 14.95163415974056

000035 97037A 22182.54166667 .00000340 00000-0 33196-4 0 9998
24883 97.9827 298.1618 0121450 130.5814 259.0374 14.95163415974056

00004S 97037A 22182.54166667 .00000340 00000-0 33196-40 9998
24883 97.9827 309.1618 0121450 130.5814 259.0374 14.95163415974056

00005S 97037A 22182.54166667 .00000340 00000-0 33196-4 0 9998
24883 97.9827 319.0618 0121450 130.5814 269.0374 14.95163415974056
